$MeshFormat
2.2 0 8
$EndMeshFormat
$Nodes
289
1 0 0 0
2 1 0 0
3 1 1 0
4 0 1 0
5 0.5 0 0
6 1 0.5 0
7 0.5 1 0
8 0 0.5 0
9 0.5 0.5 0
10 0.25 0 0
11 0.5 0.25 0
12 0.25 0.5 0
13 0 0.25 0
14 0.25 0.25 0
15 0.5 0.75 0
16 0.25 1 0
17 0 0.75 0
18 0.25 0.75 0
19 0.75 0 0
20 1 0.25 0
21 0.75 0.5 0
22 0.75 0.25 0
23 1 0.75 0
24 0.75 1 0
25 0.75 0.75 0
26 0.125 0 0
27 0.25 0.125 0
28 0.125 0.25 0
29 0 0.125 0
30 0.125 0.125 0
31 0.375 0 0
32 0.5 0.125 0
33 0.375 0.25 0
34 0.375 0.125 0
35 0.5 0.375 0
36 0.375 0.5 0
37 0.25 0.375 0
38 0.375 0.375 0
39 0.125 0.5 0
40 0 0.375 0
41 0.125 0.375 0
42 0.25 0.625 0
43 0.125 0.75 0
44 0 0.625 0
45 0.125 0.625 0
46 0.5 0.625 0
47 0.375 0.75 0
48 0.375 0.625 0
49 0.5 0.875 0
50 0.375 1 0
51 0.25 0.875 0
52 0.375 0.875 0
53 0.125 1 0
54 0 0.875 0
55 0.125 0.875 0
56 0.625 0 0
57 0.75 0.125 0
58 0.625 0.25 0
59 0.625 0.125 0
60 0.875 0 0
61 1 0.125 0
62 0.875 0.25 0
63 0.875 0.125 0
64 1 0.375 0
65 0.875 0.5 0
66 0.75 0.375 0
67 0.875 0.375 0
68 0.625 0.5 0
69 0.625 0.375 0
70 0.75 0.625 0
71 0.625 0.75 0
72 0.625 0.625 0
73 1 0.625 0
74 0.875 0.75 0
75 0.875 0.625 0
76 1 0.875 0
77 0.875 1 0
78 0.75 0.875 0
79 0.875 0.875 0
80 0.625 1 0
81 0.625 0.875 0
82 0.0625 0 0
83 0.125 0.0625 0
84 0.0625 0.125 0
85 0 0.0625 0
86 0.0625 0.0625 0
87 0.1875 0 0
88 0.25 0.0625 0
89 0.1875 0.125 0
90 0.1875 0.0625 0
91 0.25 0.1875 0
92 0.1875 0.25 0
93 0.125 0.1875 0
94 0.1875 0.1875 0
95 0.0625 0.25 0
96 0 0.1875 0
97 0.0625 0.1875 0
98 0.3125 0 0
99 0.375 0.0625 0
100 0.3125 0.125 0
101 0.3125 0.0625 0
102 0.4375 0 0
103 0.5 0.0625 0
104 0.4375 0.125 0
105 0.4375 0.0625 0
106 0.5 0.1875 0
107 0.4375 0.25 0
108 0.375 0.1875 0
109 0.4375 0.1875 0
110 0.3125 0.25 0
111 0.3125 0.1875 0
112 0.375 0.3125 0
113 0.3125 0.375 0
114 0.25 0.3125 0
115 0.3125 0.3125 0
116 0.5 0.3125 0
117 0.4375 0.375 0
118 0.4375 0.3125 0
119 0.5 0.4375 0
120 0.4375 0.5 0
121 0.375 0.4375 0
122 0.4375 0.4375 0
123 0.3125 0.5 0
124 0.25 0.4375 0
125 0.3125 0.4375 0
126 0.125 0.3125 0
127 0.0625 0.375 0
128 0 0.3125 0
129 0.0625 0.3125 0
130 0.1875 0.375 0
131 0.1875 0.3125 0
132 0.1875 0.5 0
133 0.125 0.4375 0
134 0.1875 0.4375 0
135 0.0625 0.5 0
136 0 0.4375 0
137 0.0625 0.4375 0
138 0.125 0.5625 0
139 0.0625 0.625 0
140 0 0.5625 0
141 0.0625 0.5625 0
142 0.25 0.5625 0
143 0.1875 0.625 0
144 0.1875 0.5625 0
145 0.25 0.6875 0
146 0.1875 0.75 0
147 0.125 0.6875 0
148 0.1875 0.6875 0
149 0.0625 0.75 0
150 0 0.6875 0
151 0.0625 0.6875 0
152 0.375 0.5625 0
153 0.3125 0.625 0
154 0.3125 0.5625 0
155 0.5 0.5625 0
156 0.4375 0.625 0
157 0.4375 0.5625 0
158 0.5 0.6875 0
159 0.4375 0.75 0
160 0.375 0.6875 0
161 0.4375 0.6875 0
162 0.3125 0.75 0
163 0.3125 0.6875 0
164 0.375 0.8125 0
165 0.3125 0.875 0
166 0.25 0.8125 0
167 0.3125 0.8125 0
168 0.5 0.8125 0
169 0.4375 0.875 0
170 0.4375 0.8125 0
171 0.5 0.9375 0
172 0.4375 1 0
173 0.375 0.9375 0
174 0.4375 0.9375 0
175 0.3125 1 0
176 0.25 0.9375 0
177 0.3125 0.9375 0
178 0.125 0.8125 0
179 0.0625 0.875 0
180 0 0.8125 0
181 0.0625 0.8125 0
182 0.1875 0.875 0
183 0.1875 0.8125 0
184 0.1875 1 0
185 0.125 0.9375 0
186 0.1875 0.9375 0
187 0.0625 1 0
188 0 0.9375 0
189 0.0625 0.9375 0
190 0.5625 0 0
191 0.625 0.0625 0
192 0.5625 0.125 0
193 0.5625 0.0625 0
194 0.6875 0 0
195 0.75 0.0625 0
196 0.6875 0.125 0
197 0.6875 0.0625 0
198 0.75 0.1875 0
199 0.6875 0.25 0
200 0.625 0.1875 0
201 0.6875 0.1875 0
202 0.5625 0.25 0
203 0.5625 0.1875 0
204 0.8125 0 0
205 0.875 0.0625 0
206 0.8125 0.125 0
207 0.8125 0.0625 0
208 0.9375 0 0
209 1 0.0625 0
210 0.9375 0.125 0
211 0.9375 0.0625 0
212 1 0.1875 0
213 0.9375 0.25 0
214 0.875 0.1875 0
215 0.9375 0.1875 0
216 0.8125 0.25 0
217 0.8125 0.1875 0
218 0.875 0.3125 0
219 0.8125 0.375 0
220 0.75 0.3125 0
221 0.8125 0.3125 0
222 1 0.3125 0
223 0.9375 0.375 0
224 0.9375 0.3125 0
225 1 0.4375 0
226 0.9375 0.5 0
227 0.875 0.4375 0
228 0.9375 0.4375 0
229 0.8125 0.5 0
230 0.75 0.4375 0
231 0.8125 0.4375 0
232 0.625 0.3125 0
233 0.5625 0.375 0
234 0.5625 0.3125 0
235 0.6875 0.375 0
236 0.6875 0.3125 0
237 0.6875 0.5 0
238 0.625 0.4375 0
239 0.6875 0.4375 0
240 0.5625 0.5 0
241 0.5625 0.4375 0
242 0.625 0.5625 0
243 0.5625 0.625 0
244 0.5625 0.5625 0
245 0.75 0.5625 0
246 0.6875 0.625 0
247 0.6875 0.5625 0
248 0.75 0.6875 0
249 0.6875 0.75 0
250 0.625 0.6875 0
251 0.6875 0.6875 0
252 0.5625 0.75 0
253 0.5625 0.6875 0
254 0.875 0.5625 0
255 0.8125 0.625 0
256 0.8125 0.5625 0
257 1 0.5625 0
258 0.9375 0.625 0
259 0.9375 0.5625 0
260 1 0.6875 0
261 0.9375 0.75 0
262 0.875 0.6875 0
263 0.9375 0.6875 0
264 0.8125 0.75 0
265 0.8125 0.6875 0
266 0.875 0.8125 0
267 0.8125 0.875 0
268 0.75 0.8125 0
269 0.8125 0.8125 0
270 1 0.8125 0
271 0.9375 0.875 0
272 0.9375 0.8125 0
273 1 0.9375 0
274 0.9375 1 0
275 0.875 0.9375 0
276 0.9375 0.9375 0
277 0.8125 1 0
278 0.75 0.9375 0
279 0.8125 0.9375 0
280 0.625 0.8125 0
281 0.5625 0.875 0
282 0.5625 0.8125 0
283 0.6875 0.875 0
284 0.6875 0.8125 0
285 0.6875 1 0
286 0.625 0.9375 0
287 0.6875 0.9375 0
288 0.5625 1 0
289 0.5625 0.9375 0
$EndNodes
$Elements
256
1 3 2 1 1 1 82 86 85
2 3 2 1 1 82 26 83 86
3 3 2 1 1 86 83 30 84
4 3 2 1 1 85 86 84 29
5 3 2 1 1 26 87 90 83
6 3 2 1 1 87 10 88 90
7 3 2 1 1 90 88 27 89
8 3 2 1 1 83 90 89 30
9 3 2 1 1 30 89 94 93
10 3 2 1 1 89 27 91 94
11 3 2 1 1 94 91 14 92
12 3 2 1 1 93 94 92 28
13 3 2 1 1 29 84 97 96
14 3 2 1 1 84 30 93 97
15 3 2 1 1 97 93 28 95
16 3 2 1 1 96 97 95 13
17 3 2 1 1 10 98 101 88
18 3 2 1 1 98 31 99 101
19 3 2 1 1 101 99 34 100
20 3 2 1 1 88 101 100 27
21 3 2 1 1 31 102 105 99
22 3 2 1 1 102 5 103 105
23 3 2 1 1 105 103 32 104
24 3 2 1 1 99 105 104 34
25 3 2 1 1 34 104 109 108
26 3 2 1 1 104 32 106 109
27 3 2 1 1 109 106 11 107
28 3 2 1 1 108 109 107 33
29 3 2 1 1 27 100 111 91
30 3 2 1 1 100 34 108 111
31 3 2 1 1 111 108 33 110
32 3 2 1 1 91 111 110 14
33 3 2 1 1 14 110 115 114
34 3 2 1 1 110 33 112 115
35 3 2 1 1 115 112 38 113
36 3 2 1 1 114 115 113 37
37 3 2 1 1 33 107 118 112
38 3 2 1 1 107 11 116 118
39 3 2 1 1 118 116 35 117
40 3 2 1 1 112 118 117 38
41 3 2 1 1 38 117 122 121
42 3 2 1 1 117 35 119 122
43 3 2 1 1 122 119 9 120
44 3 2 1 1 121 122 120 36
45 3 2 1 1 37 113 125 124
46 3 2 1 1 113 38 121 125
47 3 2 1 1 125 121 36 123
48 3 2 1 1 124 125 123 12
49 3 2 1 1 13 95 129 128
50 3 2 1 1 95 28 126 129
51 3 2 1 1 129 126 41 127
52 3 2 1 1 128 129 127 40
53 3 2 1 1 28 92 131 126
54 3 2 1 1 92 14 114 131
55 3 2 1 1 131 114 37 130
56 3 2 1 1 126 131 130 41
57 3 2 1 1 41 130 134 133
58 3 2 1 1 130 37 124 134
59 3 2 1 1 134 124 12 132
60 3 2 1 1 133 134 132 39
61 3 2 1 1 40 127 137 136
62 3 2 1 1 127 41 133 137
63 3 2 1 1 137 133 39 135
64 3 2 1 1 136 137 135 8
65 3 2 1 1 8 135 141 140
66 3 2 1 1 135 39 138 141
67 3 2 1 1 141 138 45 139
68 3 2 1 1 140 141 139 44
69 3 2 1 1 39 132 144 138
70 3 2 1 1 132 12 142 144
71 3 2 1 1 144 142 42 143
72 3 2 1 1 138 144 143 45
73 3 2 1 1 45 143 148 147
74 3 2 1 1 143 42 145 148
75 3 2 1 1 148 145 18 146
76 3 2 1 1 147 148 146 43
77 3 2 1 1 44 139 151 150
78 3 2 1 1 139 45 147 151
79 3 2 1 1 151 147 43 149
80 3 2 1 1 150 151 149 17
81 3 2 1 1 12 123 154 142
82 3 2 1 1 123 36 152 154
83 3 2 1 1 154 152 48 153
84 3 2 1 1 142 154 153 42
85 3 2 1 1 36 120 157 152
86 3 2 1 1 120 9 155 157
87 3 2 1 1 157 155 46 156
88 3 2 1 1 152 157 156 48
89 3 2 1 1 48 156 161 160
90 3 2 1 1 156 46 158 161
91 3 2 1 1 161 158 15 159
92 3 2 1 1 160 161 159 47
93 3 2 1 1 42 153 163 145
94 3 2 1 1 153 48 160 163
95 3 2 1 1 163 160 47 162
96 3 2 1 1 145 163 162 18
97 3 2 1 1 18 162 167 166
98 3 2 1 1 162 47 164 167
99 3 2 1 1 167 164 52 165
100 3 2 1 1 166 167 165 51
101 3 2 1 1 47 159 170 164
102 3 2 1 1 159 15 168 170
103 3 2 1 1 170 168 49 169
104 3 2 1 1 164 170 169 52
105 3 2 1 1 52 169 174 173
106 3 2 1 1 169 49 171 174
107 3 2 1 1 174 171 7 172
108 3 2 1 1 173 174 172 50
109 3 2 1 1 51 165 177 176
110 3 2 1 1 165 52 173 177
111 3 2 1 1 177 173 50 175
112 3 2 1 1 176 177 175 16
113 3 2 1 1 17 149 181 180
114 3 2 1 1 149 43 178 181
115 3 2 1 1 181 178 55 179
116 3 2 1 1 180 181 179 54
117 3 2 1 1 43 146 183 178
118 3 2 1 1 146 18 166 183
119 3 2 1 1 183 166 51 182
120 3 2 1 1 178 183 182 55
121 3 2 1 1 55 182 186 185
122 3 2 1 1 182 51 176 186
123 3 2 1 1 186 176 16 184
124 3 2 1 1 185 186 184 53
125 3 2 1 1 54 179 189 188
126 3 2 1 1 179 55 185 189
127 3 2 1 1 189 185 53 187
128 3 2 1 1 188 189 187 4
129 3 2 1 1 5 190 193 103
130 3 2 1 1 190 56 191 193
131 3 2 1 1 193 191 59 192
132 3 2 1 1 103 193 192 32
133 3 2 1 1 56 194 197 191
134 3 2 1 1 194 19 195 197
135 3 2 1 1 197 195 57 196
136 3 2 1 1 191 197 196 59
137 3 2 1 1 59 196 201 200
138 3 2 1 1 196 57 198 201
139 3 2 1 1 201 198 22 199
140 3 2 1 1 200 201 199 58
141 3 2 1 1 32 192 203 106
142 3 2 1 1 192 59 200 203
143 3 2 1 1 203 200 58 202
144 3 2 1 1 106 203 202 11
145 3 2 1 1 19 204 207 195
146 3 2 1 1 204 60 205 207
147 3 2 1 1 207 205 63 206
148 3 2 1 1 195 207 206 57
149 3 2 1 1 60 208 211 205
150 3 2 1 1 208 2 209 211
151 3 2 1 1 211 209 61 210
152 3 2 1 1 205 211 210 63
153 3 2 1 1 63 210 215 214
154 3 2 1 1 210 61 212 215
155 3 2 1 1 215 212 20 213
156 3 2 1 1 214 215 213 62
157 3 2 1 1 57 206 217 198
158 3 2 1 1 206 63 214 217
159 3 2 1 1 217 214 62 216
160 3 2 1 1 198 217 216 22
161 3 2 1 1 22 216 221 220
162 3 2 1 1 216 62 218 221
163 3 2 1 1 221 218 67 219
164 3 2 1 1 220 221 219 66
165 3 2 1 1 62 213 224 218
166 3 2 1 1 213 20 222 224
167 3 2 1 1 224 222 64 223
168 3 2 1 1 218 224 223 67
169 3 2 1 1 67 223 228 227
170 3 2 1 1 223 64 225 228
171 3 2 1 1 228 225 6 226
172 3 2 1 1 227 228 226 65
173 3 2 1 1 66 219 231 230
174 3 2 1 1 219 67 227 231
175 3 2 1 1 231 227 65 229
176 3 2 1 1 230 231 229 21
177 3 2 1 1 11 202 234 116
178 3 2 1 1 202 58 232 234
179 3 2 1 1 234 232 69 233
180 3 2 1 1 116 234 233 35
181 3 2 1 1 58 199 236 232
182 3 2 1 1 199 22 220 236
183 3 2 1 1 236 220 66 235
184 3 2 1 1 232 236 235 69
185 3 2 1 1 69 235 239 238
186 3 2 1 1 235 66 230 239
187 3 2 1 1 239 230 21 237
188 3 2 1 1 238 239 237 68
189 3 2 1 1 35 233 241 119
190 3 2 1 1 233 69 238 241
191 3 2 1 1 241 238 68 240
192 3 2 1 1 119 241 240 9
193 3 2 1 1 9 240 244 155
194 3 2 1 1 240 68 242 244
195 3 2 1 1 244 242 72 243
196 3 2 1 1 155 244 243 46
197 3 2 1 1 68 237 247 242
198 3 2 1 1 237 21 245 247
199 3 2 1 1 247 245 70 246
200 3 2 1 1 242 247 246 72
201 3 2 1 1 72 246 251 250
202 3 2 1 1 246 70 248 251
203 3 2 1 1 251 248 25 249
204 3 2 1 1 250 251 249 71
205 3 2 1 1 46 243 253 158
206 3 2 1 1 243 72 250 253
207 3 2 1 1 253 250 71 252
208 3 2 1 1 158 253 252 15
209 3 2 1 1 21 229 256 245
210 3 2 1 1 229 65 254 256
211 3 2 1 1 256 254 75 255
212 3 2 1 1 245 256 255 70
213 3 2 1 1 65 226 259 254
214 3 2 1 1 226 6 257 259
215 3 2 1 1 259 257 73 258
216 3 2 1 1 254 259 258 75
217 3 2 1 1 75 258 263 262
218 3 2 1 1 258 73 260 263
219 3 2 1 1 263 260 23 261
220 3 2 1 1 262 263 261 74
221 3 2 1 1 70 255 265 248
222 3 2 1 1 255 75 262 265
223 3 2 1 1 265 262 74 264
224 3 2 1 1 248 265 264 25
225 3 2 1 1 25 264 269 268
226 3 2 1 1 264 74 266 269
227 3 2 1 1 269 266 79 267
228 3 2 1 1 268 269 267 78
229 3 2 1 1 74 261 272 266
230 3 2 1 1 261 23 270 272
231 3 2 1 1 272 270 76 271
232 3 2 1 1 266 272 271 79
233 3 2 1 1 79 271 276 275
234 3 2 1 1 271 76 273 276
235 3 2 1 1 276 273 3 274
236 3 2 1 1 275 276 274 77
237 3 2 1 1 78 267 279 278
238 3 2 1 1 267 79 275 279
239 3 2 1 1 279 275 77 277
240 3 2 1 1 278 279 277 24
241 3 2 1 1 15 252 282 168
242 3 2 1 1 252 71 280 282
243 3 2 1 1 282 280 81 281
244 3 2 1 1 168 282 281 49
245 3 2 1 1 71 249 284 280
246 3 2 1 1 249 25 268 284
247 3 2 1 1 284 268 78 283
248 3 2 1 1 280 284 283 81
249 3 2 1 1 81 283 287 286
250 3 2 1 1 283 78 278 287
251 3 2 1 1 287 278 24 285
252 3 2 1 1 286 287 285 80
253 3 2 1 1 49 281 289 171
254 3 2 1 1 281 81 286 289
255 3 2 1 1 289 286 80 288
256 3 2 1 1 171 289 288 7
$EndElements
