$MeshFormat
2.2 0 8
$EndMeshFormat
$Nodes
25
1 0 0 0
2 1 0 0
3 1 1 0
4 0 1 0
5 0.5 0 0
6 1 0.5 0
7 0.5 1 0
8 0 0.5 0
9 0.5 0.5 0
10 0.25 0 0
11 0.5 0.25 0
12 0.25 0.5 0
13 0 0.25 0
14 0.25 0.25 0
15 0.5 0.75 0
16 0.25 1 0
17 0 0.75 0
18 0.25 0.75 0
19 0.75 0 0
20 1 0.25 0
21 0.75 0.5 0
22 0.75 0.25 0
23 1 0.75 0
24 0.75 1 0
25 0.75 0.75 0
$EndNodes
$Elements
16
1 3 2 1 1 1 10 14 13
2 3 2 1 1 10 5 11 14
3 3 2 1 1 14 11 9 12
4 3 2 1 1 13 14 12 8
5 3 2 1 1 8 12 18 17
6 3 2 1 1 12 9 15 18
7 3 2 1 1 18 15 7 16
8 3 2 1 1 17 18 16 4
9 3 2 1 1 5 19 22 11
10 3 2 1 1 19 2 20 22
11 3 2 1 1 22 20 6 21
12 3 2 1 1 11 22 21 9
13 3 2 1 1 9 21 25 15
14 3 2 1 1 21 6 23 25
15 3 2 1 1 25 23 3 24
16 3 2 1 1 15 25 24 7
$EndElements
