$MeshFormat
2.2 0 8
$EndMeshFormat
$Nodes
205
1 0 0 0
2 1 0 0
3 1 0.1 0
4 0 0.1 0
5 0.09999999999981414 0 0
6 0.1999999999995569 0 0
7 0.299999999999265 0 0
8 0.3999999999989731 0 0
9 0.4999999999986921 0 0
10 0.599999999998945 0 0
11 0.6999999999992088 0 0
12 0.7999999999994725 0 0
13 0.8999999999997362 0 0
14 0.8999999999995836 0.1 0
15 0.8 0.1 0
16 0.7000000000006938 0.1 0
17 0.6000000000013874 0.1 0
18 0.5000000000020595 0.1 0
19 0.400000000001665 0.1 0
20 0.3000000000012487 0.1 0
21 0.2000000000008325 0.1 0
22 0.1000000000004162 0.1 0
23 0.04999999999990707 0 0
24 0.1000000000001152 0.05 0
25 0.0500000000002081 0.1 0
26 0 0.05 0
27 0.05000000000005758 0.05 0
28 0.1499999999996855 0 0
29 0.2000000000001947 0.05 0
30 0.1500000000006244 0.1 0
31 0.1500000000001549 0.05 0
32 0.249999999999411 0 0
33 0.3000000000002568 0.05 0
34 0.2500000000010406 0.1 0
35 0.2500000000002257 0.05 0
36 0.3499999999991191 0 0
37 0.4000000000003191 0.05 0
38 0.3500000000014569 0.1 0
39 0.350000000000288 0.05 0
40 0.4499999999988326 0 0
41 0.5000000000003758 0.05 0
42 0.4500000000018622 0.1 0
43 0.4500000000003475 0.05 0
44 0.5499999999988185 0 0
45 0.6000000000001662 0.05 0
46 0.5500000000017234 0.1 0
47 0.550000000000271 0.05 0
48 0.6499999999990769 0 0
49 0.6999999999999513 0.05 0
50 0.6500000000010406 0.1 0
51 0.6500000000000588 0.05 0
52 0.7499999999993406 0 0
53 0.7999999999997363 0.05 0
54 0.7500000000003469 0.1 0
55 0.7499999999998438 0.05 0
56 0.8499999999996044 0 0
57 0.89999999999966 0.05 0
58 0.8499999999997918 0.1 0
59 0.8499999999996981 0.05 0
60 0.9499999999998681 0 0
61 1 0.05 0
62 0.9499999999997918 0.1 0
63 0.94999999999983 0.05 0
64 0.02499999999995354 0 0
65 0.04999999999998232 0.025 0
66 0.02500000000002879 0.05 0
67 0 0.025 0
68 0.02499999999999116 0.025 0
69 0.07499999999986061 0 0
70 0.09999999999996467 0.025 0
71 0.07500000000008639 0.05 0
72 0.07499999999997349 0.025 0
73 0.1000000000002657 0.07500000000000001 0
74 0.07500000000031215 0.1 0
75 0.05000000000013284 0.07500000000000001 0
76 0.07500000000019927 0.07500000000000001 0
77 0.02500000000010405 0.1 0
78 0 0.07500000000000001 0
79 0.02500000000006642 0.07500000000000001 0
80 0.1249999999997498 0 0
81 0.1499999999999202 0.025 0
82 0.1250000000001351 0.05 0
83 0.1249999999999424 0.025 0
84 0.1749999999996212 0 0
85 0.1999999999998758 0.025 0
86 0.1750000000001748 0.05 0
87 0.174999999999898 0.025 0
88 0.2000000000005136 0.07500000000000001 0
89 0.1750000000007285 0.1 0
90 0.1500000000003897 0.07500000000000001 0
91 0.1750000000004516 0.07500000000000001 0
92 0.1250000000005203 0.1 0
93 0.1250000000003277 0.07500000000000001 0
94 0.2249999999994839 0 0
95 0.2499999999998184 0.025 0
96 0.2250000000002102 0.05 0
97 0.2249999999998471 0.025 0
98 0.274999999999338 0 0
99 0.2999999999997609 0.025 0
100 0.2750000000002413 0.05 0
101 0.2749999999997896 0.025 0
102 0.3000000000007528 0.07500000000000001 0
103 0.2750000000011447 0.1 0
104 0.2500000000006332 0.07500000000000001 0
105 0.275000000000693 0.07500000000000001 0
106 0.2250000000009366 0.1 0
107 0.2250000000005734 0.07500000000000001 0
108 0.324999999999192 0 0
109 0.3499999999997035 0.025 0
110 0.3250000000002724 0.05 0
111 0.3249999999997322 0.025 0
112 0.3749999999990461 0 0
113 0.3999999999996461 0.025 0
114 0.3750000000003035 0.05 0
115 0.3749999999996748 0.025 0
116 0.4000000000009921 0.07500000000000001 0
117 0.375000000001561 0.1 0
118 0.3500000000008725 0.07500000000000001 0
119 0.3750000000009323 0.07500000000000001 0
120 0.3250000000013528 0.1 0
121 0.3250000000008126 0.07500000000000001 0
122 0.4249999999989029 0 0
123 0.4499999999995901 0.025 0
124 0.4250000000003333 0.05 0
125 0.424999999999618 0.025 0
126 0.4749999999987624 0 0
127 0.4999999999995339 0.025 0
128 0.4750000000003617 0.05 0
129 0.474999999999562 0.025 0
130 0.5000000000012177 0.07500000000000001 0
131 0.4750000000019609 0.1 0
132 0.4500000000011048 0.07500000000000001 0
133 0.4750000000011613 0.07500000000000001 0
134 0.4250000000017636 0.1 0
135 0.4250000000010484 0.07500000000000001 0
136 0.5249999999987554 0 0
137 0.5499999999995449 0.025 0
138 0.5250000000003234 0.05 0
139 0.5249999999995394 0.025 0
140 0.5749999999988817 0 0
141 0.5999999999995556 0.025 0
142 0.5750000000002187 0.05 0
143 0.5749999999995502 0.025 0
144 0.6000000000007768 0.07500000000000001 0
145 0.5750000000015554 0.1 0
146 0.5500000000009972 0.07500000000000001 0
147 0.575000000000887 0.07500000000000001 0
148 0.5250000000018915 0.1 0
149 0.5250000000011075 0.07500000000000001 0
150 0.624999999999011 0 0
151 0.6499999999995678 0.025 0
152 0.6250000000001125 0.05 0
153 0.6249999999995617 0.025 0
154 0.6749999999991428 0 0
155 0.6999999999995801 0.025 0
156 0.675000000000005 0.05 0
157 0.6749999999995739 0.025 0
158 0.7000000000003226 0.07500000000000001 0
159 0.6750000000008672 0.1 0
160 0.6500000000005497 0.07500000000000001 0
161 0.6750000000004361 0.07500000000000001 0
162 0.625000000001214 0.1 0
163 0.6250000000006632 0.07500000000000001 0
164 0.7249999999992747 0 0
165 0.7499999999995922 0.025 0
166 0.7249999999998975 0.05 0
167 0.7249999999995862 0.025 0
168 0.7749999999994066 0 0
169 0.7999999999996044 0.025 0
170 0.7749999999997901 0.05 0
171 0.7749999999995985 0.025 0
172 0.7999999999998681 0.07500000000000001 0
173 0.7750000000001736 0.1 0
174 0.7500000000000954 0.07500000000000001 0
175 0.7749999999999817 0.07500000000000001 0
176 0.7250000000005203 0.1 0
177 0.725000000000209 0.07500000000000001 0
178 0.8249999999995384 0 0
179 0.8499999999996513 0.025 0
180 0.8249999999997172 0.05 0
181 0.8249999999996278 0.025 0
182 0.8749999999996703 0 0
183 0.8999999999996982 0.025 0
184 0.874999999999679 0.05 0
185 0.8749999999996747 0.025 0
186 0.8999999999996218 0.07500000000000001 0
187 0.8749999999996877 0.1 0
188 0.849999999999745 0.07500000000000001 0
189 0.8749999999996834 0.07500000000000001 0
190 0.8249999999998959 0.1 0
191 0.8249999999998066 0.07500000000000001 0
192 0.9249999999998022 0 0
193 0.949999999999849 0.025 0
194 0.9249999999997449 0.05 0
195 0.9249999999997736 0.025 0
196 0.974999999999934 0 0
197 1 0.025 0
198 0.974999999999915 0.05 0
199 0.9749999999999245 0.025 0
200 1 0.07500000000000001 0
201 0.9749999999998959 0.1 0
202 0.9499999999998109 0.07500000000000001 0
203 0.9749999999999055 0.07500000000000001 0
204 0.9249999999996876 0.1 0
205 0.9249999999997163 0.07500000000000001 0
$EndNodes
$Elements
160
1 3 2 1 1 1 64 68 67
2 3 2 1 1 64 23 65 68
3 3 2 1 1 68 65 27 66
4 3 2 1 1 67 68 66 26
5 3 2 1 1 23 69 72 65
6 3 2 1 1 69 5 70 72
7 3 2 1 1 72 70 24 71
8 3 2 1 1 65 72 71 27
9 3 2 1 1 27 71 76 75
10 3 2 1 1 71 24 73 76
11 3 2 1 1 76 73 22 74
12 3 2 1 1 75 76 74 25
13 3 2 1 1 26 66 79 78
14 3 2 1 1 66 27 75 79
15 3 2 1 1 79 75 25 77
16 3 2 1 1 78 79 77 4
17 3 2 1 1 5 80 83 70
18 3 2 1 1 80 28 81 83
19 3 2 1 1 83 81 31 82
20 3 2 1 1 70 83 82 24
21 3 2 1 1 28 84 87 81
22 3 2 1 1 84 6 85 87
23 3 2 1 1 87 85 29 86
24 3 2 1 1 81 87 86 31
25 3 2 1 1 31 86 91 90
26 3 2 1 1 86 29 88 91
27 3 2 1 1 91 88 21 89
28 3 2 1 1 90 91 89 30
29 3 2 1 1 24 82 93 73
30 3 2 1 1 82 31 90 93
31 3 2 1 1 93 90 30 92
32 3 2 1 1 73 93 92 22
33 3 2 1 1 6 94 97 85
34 3 2 1 1 94 32 95 97
35 3 2 1 1 97 95 35 96
36 3 2 1 1 85 97 96 29
37 3 2 1 1 32 98 101 95
38 3 2 1 1 98 7 99 101
39 3 2 1 1 101 99 33 100
40 3 2 1 1 95 101 100 35
41 3 2 1 1 35 100 105 104
42 3 2 1 1 100 33 102 105
43 3 2 1 1 105 102 20 103
44 3 2 1 1 104 105 103 34
45 3 2 1 1 29 96 107 88
46 3 2 1 1 96 35 104 107
47 3 2 1 1 107 104 34 106
48 3 2 1 1 88 107 106 21
49 3 2 1 1 7 108 111 99
50 3 2 1 1 108 36 109 111
51 3 2 1 1 111 109 39 110
52 3 2 1 1 99 111 110 33
53 3 2 1 1 36 112 115 109
54 3 2 1 1 112 8 113 115
55 3 2 1 1 115 113 37 114
56 3 2 1 1 109 115 114 39
57 3 2 1 1 39 114 119 118
58 3 2 1 1 114 37 116 119
59 3 2 1 1 119 116 19 117
60 3 2 1 1 118 119 117 38
61 3 2 1 1 33 110 121 102
62 3 2 1 1 110 39 118 121
63 3 2 1 1 121 118 38 120
64 3 2 1 1 102 121 120 20
65 3 2 1 1 8 122 125 113
66 3 2 1 1 122 40 123 125
67 3 2 1 1 125 123 43 124
68 3 2 1 1 113 125 124 37
69 3 2 1 1 40 126 129 123
70 3 2 1 1 126 9 127 129
71 3 2 1 1 129 127 41 128
72 3 2 1 1 123 129 128 43
73 3 2 1 1 43 128 133 132
74 3 2 1 1 128 41 130 133
75 3 2 1 1 133 130 18 131
76 3 2 1 1 132 133 131 42
77 3 2 1 1 37 124 135 116
78 3 2 1 1 124 43 132 135
79 3 2 1 1 135 132 42 134
80 3 2 1 1 116 135 134 19
81 3 2 1 1 9 136 139 127
82 3 2 1 1 136 44 137 139
83 3 2 1 1 139 137 47 138
84 3 2 1 1 127 139 138 41
85 3 2 1 1 44 140 143 137
86 3 2 1 1 140 10 141 143
87 3 2 1 1 143 141 45 142
88 3 2 1 1 137 143 142 47
89 3 2 1 1 47 142 147 146
90 3 2 1 1 142 45 144 147
91 3 2 1 1 147 144 17 145
92 3 2 1 1 146 147 145 46
93 3 2 1 1 41 138 149 130
94 3 2 1 1 138 47 146 149
95 3 2 1 1 149 146 46 148
96 3 2 1 1 130 149 148 18
97 3 2 1 1 10 150 153 141
98 3 2 1 1 150 48 151 153
99 3 2 1 1 153 151 51 152
100 3 2 1 1 141 153 152 45
101 3 2 1 1 48 154 157 151
102 3 2 1 1 154 11 155 157
103 3 2 1 1 157 155 49 156
104 3 2 1 1 151 157 156 51
105 3 2 1 1 51 156 161 160
106 3 2 1 1 156 49 158 161
107 3 2 1 1 161 158 16 159
108 3 2 1 1 160 161 159 50
109 3 2 1 1 45 152 163 144
110 3 2 1 1 152 51 160 163
111 3 2 1 1 163 160 50 162
112 3 2 1 1 144 163 162 17
113 3 2 1 1 11 164 167 155
114 3 2 1 1 164 52 165 167
115 3 2 1 1 167 165 55 166
116 3 2 1 1 155 167 166 49
117 3 2 1 1 52 168 171 165
118 3 2 1 1 168 12 169 171
119 3 2 1 1 171 169 53 170
120 3 2 1 1 165 171 170 55
121 3 2 1 1 55 170 175 174
122 3 2 1 1 170 53 172 175
123 3 2 1 1 175 172 15 173
124 3 2 1 1 174 175 173 54
125 3 2 1 1 49 166 177 158
126 3 2 1 1 166 55 174 177
127 3 2 1 1 177 174 54 176
128 3 2 1 1 158 177 176 16
129 3 2 1 1 12 178 181 169
130 3 2 1 1 178 56 179 181
131 3 2 1 1 181 179 59 180
132 3 2 1 1 169 181 180 53
133 3 2 1 1 56 182 185 179
134 3 2 1 1 182 13 183 185
135 3 2 1 1 185 183 57 184
136 3 2 1 1 179 185 184 59
137 3 2 1 1 59 184 189 188
138 3 2 1 1 184 57 186 189
139 3 2 1 1 189 186 14 187
140 3 2 1 1 188 189 187 58
141 3 2 1 1 53 180 191 172
142 3 2 1 1 180 59 188 191
143 3 2 1 1 191 188 58 190
144 3 2 1 1 172 191 190 15
145 3 2 1 1 13 192 195 183
146 3 2 1 1 192 60 193 195
147 3 2 1 1 195 193 63 194
148 3 2 1 1 183 195 194 57
149 3 2 1 1 60 196 199 193
150 3 2 1 1 196 2 197 199
151 3 2 1 1 199 197 61 198
152 3 2 1 1 193 199 198 63
153 3 2 1 1 63 198 203 202
154 3 2 1 1 198 61 200 203
155 3 2 1 1 203 200 3 201
156 3 2 1 1 202 203 201 62
157 3 2 1 1 57 194 205 186
158 3 2 1 1 194 63 202 205
159 3 2 1 1 205 202 62 204
160 3 2 1 1 186 205 204 14
$EndElements
