$MeshFormat
2.2 0 8
$EndMeshFormat
$Nodes
81
1 0 0 0
2 1 0 0
3 1 1 0
4 0 1 0
5 0.5 0 0
6 1 0.5 0
7 0.5 1 0
8 0 0.5 0
9 0.5 0.5 0
10 0.25 0 0
11 0.5 0.25 0
12 0.25 0.5 0
13 0 0.25 0
14 0.25 0.25 0
15 0.5 0.75 0
16 0.25 1 0
17 0 0.75 0
18 0.25 0.75 0
19 0.75 0 0
20 1 0.25 0
21 0.75 0.5 0
22 0.75 0.25 0
23 1 0.75 0
24 0.75 1 0
25 0.75 0.75 0
26 0.125 0 0
27 0.25 0.125 0
28 0.125 0.25 0
29 0 0.125 0
30 0.125 0.125 0
31 0.375 0 0
32 0.5 0.125 0
33 0.375 0.25 0
34 0.375 0.125 0
35 0.5 0.375 0
36 0.375 0.5 0
37 0.25 0.375 0
38 0.375 0.375 0
39 0.125 0.5 0
40 0 0.375 0
41 0.125 0.375 0
42 0.25 0.625 0
43 0.125 0.75 0
44 0 0.625 0
45 0.125 0.625 0
46 0.5 0.625 0
47 0.375 0.75 0
48 0.375 0.625 0
49 0.5 0.875 0
50 0.375 1 0
51 0.25 0.875 0
52 0.375 0.875 0
53 0.125 1 0
54 0 0.875 0
55 0.125 0.875 0
56 0.625 0 0
57 0.75 0.125 0
58 0.625 0.25 0
59 0.625 0.125 0
60 0.875 0 0
61 1 0.125 0
62 0.875 0.25 0
63 0.875 0.125 0
64 1 0.375 0
65 0.875 0.5 0
66 0.75 0.375 0
67 0.875 0.375 0
68 0.625 0.5 0
69 0.625 0.375 0
70 0.75 0.625 0
71 0.625 0.75 0
72 0.625 0.625 0
73 1 0.625 0
74 0.875 0.75 0
75 0.875 0.625 0
76 1 0.875 0
77 0.875 1 0
78 0.75 0.875 0
79 0.875 0.875 0
80 0.625 1 0
81 0.625 0.875 0
$EndNodes
$Elements
64
1 3 2 1 1 1 26 30 29
2 3 2 1 1 26 10 27 30
3 3 2 1 1 30 27 14 28
4 3 2 1 1 29 30 28 13
5 3 2 1 1 10 31 34 27
6 3 2 1 1 31 5 32 34
7 3 2 1 1 34 32 11 33
8 3 2 1 1 27 34 33 14
9 3 2 1 1 14 33 38 37
10 3 2 1 1 33 11 35 38
11 3 2 1 1 38 35 9 36
12 3 2 1 1 37 38 36 12
13 3 2 1 1 13 28 41 40
14 3 2 1 1 28 14 37 41
15 3 2 1 1 41 37 12 39
16 3 2 1 1 40 41 39 8
17 3 2 1 1 8 39 45 44
18 3 2 1 1 39 12 42 45
19 3 2 1 1 45 42 18 43
20 3 2 1 1 44 45 43 17
21 3 2 1 1 12 36 48 42
22 3 2 1 1 36 9 46 48
23 3 2 1 1 48 46 15 47
24 3 2 1 1 42 48 47 18
25 3 2 1 1 18 47 52 51
26 3 2 1 1 47 15 49 52
27 3 2 1 1 52 49 7 50
28 3 2 1 1 51 52 50 16
29 3 2 1 1 17 43 55 54
30 3 2 1 1 43 18 51 55
31 3 2 1 1 55 51 16 53
32 3 2 1 1 54 55 53 4
33 3 2 1 1 5 56 59 32
34 3 2 1 1 56 19 57 59
35 3 2 1 1 59 57 22 58
36 3 2 1 1 32 59 58 11
37 3 2 1 1 19 60 63 57
38 3 2 1 1 60 2 61 63
39 3 2 1 1 63 61 20 62
40 3 2 1 1 57 63 62 22
41 3 2 1 1 22 62 67 66
42 3 2 1 1 62 20 64 67
43 3 2 1 1 67 64 6 65
44 3 2 1 1 66 67 65 21
45 3 2 1 1 11 58 69 35
46 3 2 1 1 58 22 66 69
47 3 2 1 1 69 66 21 68
48 3 2 1 1 35 69 68 9
49 3 2 1 1 9 68 72 46
50 3 2 1 1 68 21 70 72
51 3 2 1 1 72 70 25 71
52 3 2 1 1 46 72 71 15
53 3 2 1 1 21 65 75 70
54 3 2 1 1 65 6 73 75
55 3 2 1 1 75 73 23 74
56 3 2 1 1 70 75 74 25
57 3 2 1 1 25 74 79 78
58 3 2 1 1 74 23 76 79
59 3 2 1 1 79 76 3 77
60 3 2 1 1 78 79 77 24
61 3 2 1 1 15 71 81 49
62 3 2 1 1 71 25 78 81
63 3 2 1 1 81 78 24 80
64 3 2 1 1 49 81 80 7
$EndElements
